#         t          x          y          z         vx         vy         vz
      0.000    -98.600   -119.990   -127.780    -28.430    173.920     93.230
      0.100   -101.060   -102.172   -117.984    -20.767    182.447    102.698
      0.200   -102.653    -83.487   -107.177    -11.103    191.254    113.424
      0.300   -103.146    -63.919    -95.225      1.248    200.100    125.631
      0.400   -102.221    -43.490    -81.967     17.247    208.468    139.516
      0.500    -99.450    -22.302    -67.236     38.185    215.299    155.121
      0.600    -94.263     -0.610    -50.880     65.561    218.537    171.981
      0.700    -85.968     21.046    -32.862    100.336    214.594    188.388
      0.800    -73.914     41.713    -13.421    140.738    198.734    200.440
      0.900    -57.900     60.087      6.743    179.549    168.761    202.835
      1.000    -38.580     75.052     26.535    206.848    130.524    193.004
      1.100    -17.252     86.247     44.996    219.703     93.386    176.223
      1.200      4.825     94.037     61.691    221.838     62.408    157.677
      1.300     26.810     99.065     76.584    217.866     38.164    140.173
      1.400     48.248    101.949     89.824    210.898     19.501    124.623
      1.500     68.926    103.177    101.609    202.657      5.074    111.087
      1.600     88.760    103.121    112.131    194.030     -6.211     99.341
      1.700    107.735    102.052    121.553    185.458    -15.162     89.106
      1.800    125.865    100.176    130.015    177.147    -22.357     80.123
      1.900    143.182     97.648    137.630    169.186    -28.211     72.177
      2.000    159.721     94.586    144.493    161.603    -33.023     65.092
      2.100    175.521     91.084    150.684    154.395    -37.015     58.728
      2.200    190.618     87.216    156.269    147.545    -40.351     52.970
      2.300    205.047     83.040    161.304    141.031    -43.154     47.727
      2.400    218.840     78.607    165.836    134.825    -45.521     42.926
      2.500    232.026     73.954    169.908    128.902    -47.525     38.505
      2.600    244.633     69.117    173.554    123.238    -49.225     34.414
      2.700    256.685     64.122    176.805    117.811    -50.667     30.613
      2.800    268.206     58.995    179.689    112.600    -51.889     27.066
      2.900    279.215     53.754    182.230    107.585    -52.922     23.743
      3.000    289.732     48.418    184.448    102.751    -53.790     20.621
      3.100    299.774     43.003    186.363     98.080    -54.515     17.677
      3.200    309.356     37.522    187.991     93.561    -55.112     14.894
      3.300    318.493     31.986    189.349     89.179    -55.597     12.255
      3.400    327.198     26.407    190.449     84.924    -55.982      9.747
      3.500    335.483     20.794    191.304     80.785    -56.277      7.358
      3.600    343.360     15.156    191.926     76.752    -56.490      5.077
      3.700    350.839      9.500    192.324     72.818    -56.630      2.895
      3.800    357.928      3.833    192.509     68.974    -56.703      0.804
      3.900    364.638     -1.838    192.489     65.213    -56.713     -1.204
      4.000    370.975     -7.506    192.272     61.528    -56.666     -3.135
      4.100    376.947    -13.168    191.866     57.914    -56.566     -4.995
      4.200    382.561    -18.817    191.277     54.364    -56.417     -6.789
      4.300    387.822    -24.449    190.511     50.873    -56.221     -8.523
      4.400    392.738    -30.059    189.575     47.437    -55.981    -10.199
      4.500    397.312    -35.643    188.474     44.050    -55.699    -11.823
      4.600    401.550    -41.197    187.213     40.709    -55.378    -13.397
      4.700    405.456    -46.717    185.797     37.409    -55.018    -14.925
      4.800    409.034    -52.199    184.230     34.146    -54.622    -16.411
      4.900    412.287    -57.639    182.517     30.918    -54.190    -17.855
      5.000    415.219    -63.035    180.661     27.719    -53.724    -19.262
      5.100    417.832    -68.382    178.666     24.548    -53.224    -20.632
      5.200    420.130    -73.678    176.536     21.401    -52.690    -21.969
      5.300    422.113    -78.919    174.274     18.275    -52.124    -23.274
      5.400    423.785    -84.101    171.883     15.166    -51.524    -24.549
      5.500    425.147    -89.222    169.366     12.072    -50.893    -25.795
      5.600    426.201    -94.278    166.725      8.991    -50.229    -27.014
      5.700    426.946    -99.266    163.964      5.919    -49.532    -28.207
      5.800    427.385   -104.183    161.085      2.854    -48.802    -29.376
      5.900    427.517   -109.025    158.090     -0.208    -48.038    -30.522
      6.000    427.343   -113.789    154.982     -3.268    -47.241    -31.645
      6.100    426.863   -118.471    151.762     -6.329    -46.408    -32.747
      6.200    426.077   -123.069    148.433     -9.394    -45.540    -33.828
      6.300    424.984   -127.577    144.998    -12.466    -44.636    -34.890
      6.400    423.584   -131.994    141.456    -15.547    -43.693    -35.933
      6.500    421.874   -136.314    137.812    -18.640    -42.712    -36.957
      6.600    419.855   -140.534    134.066    -21.748    -41.689    -37.964
      6.700    417.524   -144.650    130.220    -24.875    -40.625    -38.953
      6.800    414.879   -148.657    126.276    -28.021    -39.516    -39.925
      6.900    411.918   -152.551    122.236    -31.192    -38.361    -40.881
      7.000    408.639   -156.327    118.101    -34.390    -37.157    -41.821
      7.100    405.039   -159.980    113.873    -37.618    -35.902    -42.744
      7.200    401.114   -163.504    109.553    -40.880    -34.593    -43.651
      7.300    396.861   -166.895    105.143    -44.179    -33.227    -44.542
      7.400    392.276   -170.147    100.645    -47.520    -31.800    -45.416
      7.500    387.355   -173.252     96.061    -50.906    -30.309    -46.273
      7.600    382.092   -176.205     91.391    -54.342    -28.748    -47.114
      7.700    376.484   -178.998     86.639    -57.832    -27.114    -47.936
      7.800    370.523   -181.624     81.805    -61.382    -25.400    -48.740
      7.900    364.204   -184.074     76.892    -64.996    -23.602    -49.525
      8.000    357.520   -186.340     71.901    -68.680    -21.711    -50.288
      8.100    350.464   -188.411     66.835    -72.441    -19.720    -51.029
      8.200    343.028   -190.278     61.697    -76.285    -17.621    -51.746
      8.300    335.203   -191.929     56.488    -80.219    -15.404    -52.435
      8.400    326.979   -193.353     51.211    -84.251    -13.058    -53.096
      8.500    318.347   -194.534     45.870    -88.390    -10.570    -53.723
      8.600    309.295   -195.459     40.468    -92.645     -7.926    -54.314
      8.700    299.812   -196.111     35.009    -97.027     -5.109    -54.863
      8.800    289.883   -196.471     29.498   -101.546     -2.100    -55.363
      8.900    279.495   -196.520     23.940   -106.216      1.123    -55.808
      9.000    268.632   -196.234     18.340   -111.051      4.587    -56.187
      9.100    257.276   -195.589     12.706   -116.064      8.322    -56.491
      9.200    245.409   -194.555      7.046   -121.274     12.365    -56.704
      9.300    233.010   -193.098      1.371   -126.698     16.760    -56.808
      9.400    220.058   -191.182     -4.308   -132.355     21.559    -56.763
      9.500    206.527   -188.763     -9.974   -138.267     26.824    -56.554
      9.600    192.391   -185.790    -15.609   -144.455     32.635    -56.144
      9.700    177.621   -182.204    -21.190   -150.942     39.086    -55.484
      9.800    162.186   -177.935    -26.690   -157.747     46.298    -54.508
      9.900    146.055   -172.899    -32.071   -164.885     54.423    -53.126
     10.000    129.192   -166.995    -37.289   -172.360     63.653    -51.218
     10.100    111.567   -160.101    -42.280   -180.150     74.236    -48.614
