#         t          x          y          z         vx         vy         vz
      0.000   -377.690    611.410   -284.590     72.540    -71.050     48.190
      0.071   -372.470    606.240   -281.080     72.490    -75.060     51.550
      0.143   -367.100    600.860   -277.590     75.390    -77.260     50.550
      0.214   -361.670    595.350   -273.990     74.470    -78.230     52.880
      0.286   -356.430    589.830   -270.440     71.950    -80.330     52.190
      0.357   -350.860    583.870   -266.950     70.260    -82.430     52.360
      0.429   -346.340    578.340   -263.590     67.640    -81.300     45.510
      0.500   -341.600    572.570   -260.520     69.290    -83.010     43.500
      0.571   -336.870    566.730   -257.400     70.900    -82.660     41.190
      0.643   -331.850    560.200   -253.590     63.170    -84.780     45.660
      0.714   -327.740    554.300   -250.310     57.910    -82.300     43.950
      0.786   -324.160    548.880   -247.540     53.650    -79.940     40.900
      0.857   -320.550    543.060   -244.270     44.560    -74.570     41.350
      0.929   -317.380    537.850   -241.360     46.060    -70.980     36.970
      1.000   -314.240    532.810   -238.260     47.220    -67.970     40.270
      1.071   -310.860    527.800   -234.920     42.350    -64.260     46.560
      1.143   -307.830    523.220   -231.330     45.420    -62.980     46.880
      1.214   -303.810    518.510   -227.950     48.650    -63.370     54.040
      1.286   -300.370    514.010   -223.920     48.270    -61.160     57.780
      1.357   -296.780    509.650   -219.760     51.080    -61.650     60.350
      1.429   -293.070    505.260   -215.420     52.700    -62.400     63.990
      1.500   -289.060    500.880   -211.000     59.080    -61.810     62.470
      1.571   -284.770    496.380   -206.480     60.460    -63.070     63.890
      1.643   -280.220    491.740   -201.840     64.870    -64.280     65.310
      1.714   -275.550    486.940   -196.970     68.390    -67.820     66.970
      1.786   -270.660    482.090   -192.050     74.740    -69.230     68.010
      1.857   -265.520    477.210   -187.160     75.370    -69.410     70.110
      1.929   -260.020    472.200   -182.240     79.720    -73.760     71.720
      2.000   -253.720    466.730   -177.220     78.310    -74.910     73.490
      2.071   -248.010    461.340   -172.090     82.760    -79.520     74.840
      2.143   -242.260    455.740   -166.870     82.460    -81.750     76.430
      2.214   -236.320    450.080   -161.710     87.580    -82.620     73.420
      2.286   -230.040    444.380   -156.680     91.690    -85.480     73.970
      2.357   -223.610    438.320   -151.500     93.960    -87.880     72.520
      2.429   -217.260    431.840   -146.230     89.670    -93.460     74.700
      2.500   -211.240    425.080   -140.420     89.590    -94.390     73.370
      2.571   -204.750    418.250   -135.120     91.890    -96.340     72.800
      2.643   -198.150    411.300   -129.840     92.660    -97.610     72.540
      2.714   -191.440    404.260   -124.540     94.340    -98.700     72.920
      2.786   -184.620    396.990   -119.100     93.970   -102.500     76.580
      2.857   -177.780    389.590   -113.560     94.100   -103.540     77.700
      2.929   -170.840    381.970   -107.940     95.170   -105.940     76.680
      3.000   -163.780    374.090   -102.260     97.470   -112.340     80.100
      3.071   -156.670    365.900    -96.380     99.880   -114.490     83.440
      3.143   -149.370    357.510    -90.410    101.650   -118.440     83.420
      3.214   -142.010    348.820    -84.360    103.560   -122.720     84.570
      3.286   -134.520    339.750    -78.180    106.140   -129.920     87.120
      3.357   -127.550    330.790    -71.810    112.970   -135.780     87.360
      3.429   -119.400    320.700    -65.390    115.310   -143.100     84.000
      3.500   -110.930    309.780    -59.110    118.440   -157.630     86.700
      3.571   -102.140    297.960    -53.090    119.610   -172.310     90.480
      3.643    -93.430    285.450    -47.030    123.630   -183.310     86.290
      3.714    -84.390    271.740    -41.220    125.700   -200.910     81.080
      3.786    -75.300    256.450    -35.690    125.780   -227.730     72.990
      3.857    -66.430    239.090    -30.940    124.790   -260.990     53.220
      3.929    -58.500    219.120    -28.190     96.310   -299.700     12.460
      4.000    -53.520    197.850    -30.020     44.100   -285.940    -53.160
      4.071    -51.670    179.690    -34.980     18.560   -231.040    -68.200
      4.143    -50.650    165.370    -40.000     22.430   -187.440    -58.750
      4.214    -49.490    153.330    -43.630     25.610   -159.320    -42.540
      4.286    -48.050    142.930    -46.050     26.810   -135.920    -25.800
      4.357    -46.710    133.940    -47.200     25.460   -115.190    -16.840
      4.429    -45.570    126.330    -47.890     22.060    -99.780     -5.130
      4.500    -44.450    119.900    -48.190     22.910    -83.160     -0.370
      4.571    -43.260    114.450    -48.170     19.160    -68.650      4.550
      4.643    -42.200    110.020    -47.660     17.420    -54.350      8.140
      4.714    -40.850    105.510    -45.990     13.630    -45.440     14.310
      4.786    -39.780    102.880    -45.070     14.840    -31.650     14.110
      4.857    -38.710    101.030    -44.000     16.220    -21.280     17.170
      4.929    -37.530     99.880    -42.820     17.500    -12.140     18.610
      5.000    -36.240     99.380    -41.520     18.330     -3.320     22.280
      5.071    -34.810     99.510    -40.040     20.810      5.000     23.820
      5.143    -33.120    100.190    -38.290     24.380     12.910     29.620
      5.214    -31.340    101.420    -36.160     25.570     20.990     33.500
      5.286    -29.420    103.170    -33.770     26.700     28.190     37.370
      5.357    -27.260    105.580    -31.140     31.200     38.440     40.470
      5.429    -24.900    108.610    -28.110     34.260     46.160     46.960
      5.500    -22.360    112.290    -24.670     38.900     54.870     51.850
      5.571    -19.670    116.850    -20.740     42.170     69.310     59.820
      5.643    -16.640    122.560    -16.350     48.750     85.970     69.410
      5.714    -12.990    129.590    -11.250     59.790    110.800     78.460
      5.786     -8.200    138.600     -5.030     80.680    146.170     99.790
      5.857     -0.410    150.680      3.310    195.500    149.020    133.400
      5.929     10.540    156.770      9.190    120.570     19.360     64.400
      6.000     17.610    157.890     12.160     51.960     -6.760     39.120
      6.071     21.800    156.370     13.990      7.220    -21.760     20.820
      6.143     23.890    152.830     15.330    -15.580    -52.160      9.130
      6.214     24.030    147.130     16.000    -53.110   -116.420    -22.100
      6.286     19.140    140.300     14.280     54.800     -3.240     27.570
      6.357     22.960    139.950     18.630     33.820     -4.720     33.900
      6.429     25.440    138.290     20.310     29.860    -26.520     32.280
      6.500     28.520    136.490     21.900     35.680    -33.060     33.440
      6.571     31.080    134.650     24.580     37.850    -25.580     43.380
      6.643     33.930    132.930     27.210     39.840    -26.810     41.390
      6.714     37.050    131.110     29.700     41.640    -26.230     41.280
      6.786     40.460    129.140     32.150     37.320    -36.170     33.470
      6.857     43.450    127.070     34.400     39.020    -32.020     31.120
      6.929     44.320    125.630     36.010     40.250    -33.340     27.380
      7.000     46.880    123.280     38.180     39.770    -33.940     26.050
      7.071     49.390    120.780     40.060     34.020    -35.850     13.620
      7.143     51.940    118.270     41.780     33.490    -31.220     15.210
      7.214     54.460    116.080     43.530     33.720    -27.670     13.270
      7.286     57.050    114.130     45.280     36.760    -28.090     15.440
      7.357     59.640    112.350     46.960     36.940    -22.150     21.780
      7.429     62.170    110.720     48.550     34.400    -23.950     19.270
      7.500     64.730    109.100     50.040     36.770    -23.570     21.540
      7.571     67.350    107.570     51.620     35.840    -20.350     22.980
      7.643     70.020    106.140     53.080     36.320    -20.630     21.130
      7.714     72.710    104.570     54.500     31.690    -21.970     22.340
      7.786     75.330    103.170     55.930     32.440    -16.200     19.990
      7.857     78.060    101.840     57.420     31.210    -20.500     20.090
      7.929     80.760    100.470     58.970     33.460    -19.220     18.950
      8.000     83.360     99.080     60.670     34.790    -18.900     20.110
      8.071     85.810     97.760     62.520     35.540    -16.640     23.790
      8.143     88.170     96.510     64.440     34.540    -16.000     25.240
      8.214     90.410     95.380     66.330     35.280    -15.730     27.110
      8.286     92.670     94.100     68.230     35.160    -19.410     30.440
      8.357     94.980     92.690     70.270     36.440    -21.100     35.620
      8.429     97.380     91.060     72.340     35.810    -24.060     32.680
      8.500     99.830     89.250     74.330     35.420    -27.070     31.640
      8.571    102.460     87.300     76.300     36.570    -27.610     30.090
      8.643    105.110     85.290     78.190     33.410    -33.560     25.360
      8.714    107.520     83.240     80.060     30.020    -30.880     24.490
      8.786    109.860     81.270     81.920     32.390    -28.080     22.750
      8.857    112.130     79.330     83.720     32.610    -26.780     20.930
      8.929    114.310     77.430     85.340     31.930    -26.410     18.780
      9.000    116.440     75.430     86.970     31.060    -27.540     20.900
      9.071    118.450     73.380     88.620     28.760    -25.150     18.500
      9.143    120.460     71.420     90.270     31.110    -24.830     21.100
      9.214    122.480     69.420     91.800     31.090    -26.210     17.580
      9.286    124.490     67.350     93.180     31.320    -27.250     20.440
      9.357    126.470     65.420     94.640     30.480    -23.390     21.490
      9.429    128.450     63.680     96.010     29.330    -23.250     20.630
      9.500    130.430     62.120     97.390     25.450    -18.180     24.480
      9.571    132.400     60.790     98.860     25.390    -14.960     23.750
      9.643    134.530     59.730    100.480     27.760    -11.560     22.990
      9.714    137.010     59.660    102.590     29.920    -14.000     23.080
      9.786    139.380     58.260    103.970     32.440    -16.620     22.850
      9.857    141.840     57.180    106.030     33.990    -18.820     27.270
      9.929    144.200     55.980    108.270     36.040    -20.980     31.050
     10.000    146.830     54.420    110.140     36.350    -21.530     31.190
     10.071    149.070     53.650    112.810     33.500    -19.660     30.790
     10.143    151.560     52.370    114.960     31.840    -17.470     32.160
     10.214    154.080     51.030    117.030     34.110    -17.110     31.700
     10.286    156.790     49.470    119.050     34.060    -21.600     28.910
     10.357    159.500     47.780    121.180     34.200    -21.850     29.300
     10.429    162.160     45.990    123.390     34.660    -24.550     27.510
     10.500    164.710     44.060    125.530     31.740    -29.380     24.100
     10.571    167.070     42.030    127.510     29.890    -31.800     20.140
     10.643    169.210     40.000    129.280     30.120    -29.280     19.470
     10.714    171.160     38.060    130.800     30.450    -26.510     17.470
     10.786    173.000     36.210    132.210     28.780    -22.760     19.540
     10.857    174.680     34.460    133.510     27.690    -20.420     18.420
     10.929    176.310     32.890    134.750     28.150    -15.780     21.380
     11.000    178.050     31.560    136.140     30.100    -13.400     24.470
     11.071    179.910     30.290    137.560     29.530    -17.560     24.850
     11.143    181.880     28.850    139.080     29.590    -20.240     29.030
     11.214    183.930     27.520    140.700     28.350    -17.710     29.160
     11.286    186.110     26.320    142.360     28.390    -17.310     28.860
     11.357    188.360     25.070    144.040     29.830    -21.120     26.610
     11.429    190.710     23.660    145.840     29.310    -22.450     27.610
